9736	9220	4	FROM	TO
21332	21334	0	47.47795929999999, -122.2838557	47.47795929999999, -122.2838557
20786	20785	0	47.4873582, -122.2824159	47.4873582, -122.2824159
48052	21126	0	47.4814568, -122.3041184	47.4814568, -122.3041184
21245	21271	0	47.4787502, -122.2750061	47.4787502, -122.2750061
21150	21153	0	47.4812032, -122.2762148	47.4812032, -122.2762148
9736	9220	4	FROM	TO
20409	47295	0	47.4920708, -122.3480814	47.4920708, -122.3480814
20790	20793	0	47.4867614, -122.3157573	47.4867614, -122.3157573
9736	9220	4	FROM	TO
9626	9597	2	47.6438265, -122.2996014	47.6438265, -122.2996014
19670	19829	0	47.5001816, -122.3153249	47.5001816, -122.3153249
22083	22085	0	47.4605514, -122.3290573	47.4605514, -122.3290573
21828	21867	0	47.4638517, -122.3489196	47.4638517, -122.3489196
19848	20034	0	47.4967522, -122.3635258	47.4967522, -122.3635258
22385	22390	0	47.4509199, -122.3718288	47.4509199, -122.3718288
21736	21734	0	47.4667561, -122.3619352	47.4667561, -122.3619352
21737	21736	0	47.4667399, -122.3605835	47.4667399, -122.3605835
19543	19584	0	47.5028057, -122.3683404	47.5028057, -122.3683404
19629	19827	0	47.5001981, -122.3179436	47.5001981, -122.3179436
9736	9220	4	FROM	TO
20409	47295	0	47.4920708, -122.3480814	47.4920708, -122.3480814
20790	20793	0	47.4867614, -122.3157573	47.4867614, -122.3157573
20971	21005	0	47.4836044, -122.3499663	47.4836044, -122.3499663
